     1     3
     2     2
     3     2
     4     2
     5     3
     6     2
     7     1
     8     3
     9     2
    10     1
    11     2
    12     1
    13     1
    14     3
    15     3
    16     2
    17     1
    18     1
    19     2
    20     3
    21     1
    22     1
    23     1
    24     2
    25     3
    26     2
    27     2
    28     2
    29     1
    30     3
    31     1
    32     3
    33     1
    34     2
    35     2
    36     3
    37     1
    38     3
    39     3
    40     2
    41     2
    42     2
    43     1
    44     2
    45     2
    46     3
    47     3
    48     2
    49     2
    50     3
    51     2