     1     2
     2     3
     3     2
     4     2
     5     3
     6     1
     7     3
     8     3
     9     3
    10     1
    11     1
    12     2
    13     3
    14     1
    15     3
    16     1
    17     2
    18     2
    19     3
    20     3
    21     3
    22     3
    23     2
    24     3
    25     1
    26     1
    27     3
    28     2
    29     2
    30     3
    31     2
    32     2
    33     3
    34     3
    35     2
    36     1
    37     1
    38     3
    39     1
    40     2
    41     1
    42     3
    43     3
    44     2
    45     2
    46     1
    47     3
    48     1
    49     1
    50     2
    51     1