     1     1
     2     3
     3     1
     4     1
     5     2
     6     3
     7     3
     8     1
     9     2
    10     2
    11     3
    12     1
    13     3
    14     2
    15     2
    16     1
    17     2
    18     2
    19     1
    20     2
    21     1
    22     2
    23     2
    24     1
    25     1
    26     2
    27     1
    28     3
    29     3
    30     3
    31     2
    32     2
    33     1
    34     3
    35     3
    36     3
    37     1
    38     2
    39     1
    40     2
    41     1
    42     1
    43     1
    44     2
    45     1
    46     2
    47     2
    48     3
    49     3
    50     2
    51     1