     1     3
     2     3
     3     3
     4     1
     5     2
     6     2
     7     3
     8     2
     9     3
    10     2
    11     2
    12     3
    13     1
    14     1
    15     1
    16     2
    17     3
    18     3
    19     1
    20     2
    21     2
    22     2
    23     2
    24     2
    25     1
    26     2
    27     1
    28     3
    29     1
    30     1
    31     2
    32     1
    33     2
    34     2
    35     3
    36     3
    37     1
    38     3
    39     1
    40     2
    41     2
    42     3
    43     2
    44     3
    45     1
    46     3
    47     2
    48     2
    49     3
    50     2
    51     1