     1     1
     2     1
     3     2
     4     2
     5     2
     6     3
     7     3
     8     3
     9     2
    10     1
    11     1
    12     2
    13     3
    14     2
    15     1
    16     1
    17     1
    18     1
    19     2
    20     2
    21     2
    22     3
    23     2
    24     3
    25     2
    26     3
    27     1
    28     3
    29     1
    30     3
    31     3
    32     1
    33     1
    34     1
    35     3
    36     3
    37     2
    38     3
    39     3
    40     1
    41     2
    42     2
    43     3
    44     1
    45     2
    46     2
    47     2
    48     3
    49     1
    50     3
    51     2