     1     2
     2     3
     3     3
     4     2
     5     2
     6     2
     7     1
     8     1
     9     2
    10     1
    11     3
    12     1
    13     1
    14     1
    15     1
    16     2
    17     1
    18     3
    19     2
    20     1
    21     3
    22     3
    23     2
    24     1
    25     1
    26     2
    27     2
    28     1
    29     2
    30     3
    31     1
    32     1
    33     1
    34     1
    35     2
    36     2
    37     1
    38     1
    39     3
    40     1
    41     3
    42     3
    43     2
    44     2
    45     1
    46     2
    47     3
    48     2
    49     2
    50     1
    51     2